// Generated with Anaxi Tile Downloader
lat_north= 24.791721545708782
lat_south= 24.78174733781577
lon_east= 121.00616455078125
lon_west= 120.99517822265625
//datum_lat=24.788933
//datum_lon=121.000183
datum_lat=24.78797733
datum_lon=121.00186927
