// Generated with Anaxi Tile Downloader
lat_north= 24.790474813572924
lat_south= 24.78486436391298
lon_east= 121.00273132324219
lon_west= 120.99655151367188
datum_lat=24.788933
datum_lon=121.000183
