lat_north = 42.360264
lat_south = 42.35415
lon_east  = -71.080058
lon_west  = -71.094214
datum_lat = 42.358436
datum_lon = -71.087448
