MOOSTimeWarp = $(WARP)

LatOrigin  = 42.358436
LongOrigin = -71.087448
